% males %
patient_id=[
449079
691628
711822
599572
708788
692288
692333
707488
709825
725826
710987
561159
567065
685234
685242
704311
704328
704706
709048
709857
709886
709891
711886
722294
723449
723501
725867
323459
338266
371940
389064
391546
422405
451807
463649
474266
481657
491837
500442
502203
508030
515480
515526
529138
538124
552964
561159
567065
571248
573215
573962
576659
577984
581700
585964
598769
725867
725877
725881
725905
726244
726761
727024
727430
727438
727491
727519
727538
727544
727669
728831
729059
729099
729315
729482
729499
729696
599146
599227
599267
604107
618437
622725
631738
633680
633995
636139
685242
685247
685907
686591
687815
691225
691692
691697
692109
692123
692170
692245
692925
694075
694256
696653
696659
697547
700338
700660
701453
701625
703802
703811
704344
707059
708558
708717
708728
708745
709805
709808
709813
709815
709816
709827
709829
709843
709844
709856
709861
709872
709885
709887
709890
709899
709900
709920
709965
709970
709983
709989
709994
709998
710174
710416
710621
710693
710796
710843
711100
711123
711176
711185
711201
711261
711267
711390
711774
711805
711824
711830
711832
711846
711852
711857
711871
711872
711875
713325
713860
714139
714183
714262
714468
715602
715605
715642
715779
716548
717006
717152
717478
717704
717711
717715
717724
717727
717743
717761
717766
717769
717772
717773
717779
717787
717800
718156
718585
718713
718716
718720
718729
718732
718740
718762
718764
718902
719166
719620
719763
721106
720636
721159
720636];